epoch,hitcount,infectedcount,recoveredcount
0,15,15,0
1,17,17,0
2,19,19,0
3,21,21,0
4,21,21,0
5,22,22,0
6,29,29,0
7,31,16,15
8,34,17,17
9,39,20,19
10,41,20,21
11,42,21,21
12,45,23,22
13,46,17,29
14,47,16,31
15,47,13,34
16,48,9,39
17,48,7,41
18,49,7,42
19,49,4,45
20,50,4,46
21,50,3,47
22,50,3,47
23,51,3,48
24,51,3,48
25,51,2,49
26,51,2,49
27,51,1,50
28,51,1,50
29,51,1,50
30,51,0,51
